100.0,0.0,0.0,100.0,0.0,0.0,100.0,0.0
13.5,12.2,52.9,34.7,20.6,10.9,29.9,12.2
46.7,19.4,34.4,34.7,32.3,13.3,90.2,7.8
34.7,50.0,43.6,18.0,26.3,16.0,40.0,10.9
34.0,18.3,33.0,29.2,29.4,8.9,22.9,15.3
24.7,20.8,26.8,27.8,28.0,17.0,37.8,23.5
38.5,14.7,35.4,15.2,30.3,10.3,43.0,14.0
35.5,43.3,43.0,27.1,38.6,24.3,42.6,23.7
37.9,19.8,46.1,26.0,51.5,31.4,39.6,23.0
26.8,20.2,35.4,20.2,32.7,12.4,41.5,24.8
35.5,36.9,37.6,22.1,35.9,15.6,33.7,16.7
30.9,32.7,32.7,21.0,27.0,10.1,40.8,21.2
46.2,19.8,38.0,22.8,30.0,27.2,33.3,11.3
37.4,12.1,34.7,25.3,28.3,19.2,36.4,26.7
28.6,11.1,28.9,37.6,23.5,11.1,30.9,10.3
39.8,16.5,39.2,26.3,32.4,15.0,35.1,22.8
48.5,26.7,35.4,17.8,29.9,32.0,36.0,13.3
34.4,45.5,43.7,20.0,31.3,25.7,43.3,38.6
34.3,21.2,31.2,35.4,20.6,13.4,26.8,11.1
32.4,12.9,37.9,12.9,18.6,7.0,52.0,19.4
28.6,44.0,47.5,17.2,44.4,17.2,44.4,9.1
33.3,27.7,100.0,0.0,45.5,20.4,39.4,16.0
39.8,18.6,100.0,7.0,25.7,43.0,40.6,21.8
44.0,19.4,100.0,2.0,27.8,22.5,42.2,34.0
20.2,28.3,100.0,0.0,25.0,24.5,54.9,38.0
34.7,20.4,100.0,1.0,42.6,23.8,43.4,13.1
33.0,20.6,100.0,0.0,48.4,24.5,35.6,15.6
34.0,30.3,100.0,1.0,39.0,11.5,52.9,14.3
33.3,27.8,100.0,2.0,55.6,21.8,29.8,10.2
31.6,35.0,100.0,0.0,36.0,38.4,36.9,14.0
13.1,56.6,100.0,1.0,32.7,17.0,39.8,25.8
28.4,36.5,100.0,1.0,31.7,20.0,42.7,23.5
36.5,26.0,100.0,0.0,36.6,18.6,16.5,44.8
37.1,25.8,100.0,0.0,42.4,22.3,28.2,31.0
37.9,18.8,100.0,0.0,37.1,23.7,25.0,40.2
27.6,23.2,100.0,7.9,34.7,30.7,27.7,43.3
41.6,31.1,100.0,2.0,32.7,19.4,27.0,38.5
41.2,29.4,100.0,6.9,39.6,19.0,28.9,21.2
40.2,12.1,100.0,2.1,35.0,6.4,38.0,41.6
32.0,6.2,87.6,89.1,19.4,7.0,14.4,9.3
33.3,16.2,5.9,100.0,36.6,15.6,56.3,13.4
47.5,28.7,0.0,100.0,31.6,32.7,36.5,14.7
37.2,30.7,0.0,100.0,19.8,44.9,48.0,32.7
54.2,38.6,0.0,100.0,31.3,25.0,44.9,15.8
27.3,55.9,0.0,100.0,40.2,31.6,35.4,25.0
41.6,28.3,9.0,100.0,45.9,20.2,38.8,35.6
34.0,29.5,0.0,100.0,34.3,25.8,47.5,34.3
42.9,28.3,3.1,100.0,39.2,36.5,46.7,33.7
31.0,18.2,11.0,100.0,27.6,19.8,46.3,34.6
21.0,30.0,0.0,100.0,47.6,38.8,30.2,13.7
27.6,31.9,0.0,100.0,35.6,48.1,34.7,20.8
26.7,24.5,0.0,100.0,48.5,36.3,36.6,18.4
36.2,18.2,0.0,100.0,17.8,52.6,38.0,21.4
29.0,43.9,0.0,100.0,27.6,30.3,40.0,18.2
38.0,30.9,47.3,32.0,100.0,5.2,45.3,26.8
33.0,39.6,38.8,30.9,100.0,13.7,41.7,25.3
32.7,36.6,34.7,36.8,100.0,4.0,36.3,35.4
36.0,41.6,39.0,31.7,86.1,30.0,39.4,27.1
30.6,40.2,34.6,22.8,0.0,100.0,40.8,24.5
47.1,28.9,40.0,32.0,0.0,100.0,39.4,36.2
34.0,24.0,35.7,40.0,0.0,100.0,41.2,34.7
47.6,26.6,40.0,36.3,0.0,100.0,39.0,23.7
41.4,35.0,43.4,37.6,7.1,100.0,46.2,25.8
47.0,35.0,42.9,33.0,16.3,100.0,42.7,38.4
48.0,30.6,44.6,37.0,4.0,100.0,36.8,32.7
41.6,18.4,35.1,24.7,2.0,100.0,37.5,18.7
30.0,20.0,34.4,47.5,0.0,100.0,31.7,23.7
33.3,20.8,36.4,39.6,0.0,100.0,44.8,21.0
47.6,16.2,37.6,22.4,62.0,42.0,44.1,16.5
32.3,25.5,43.0,33.0,100.0,6.9,30.0,27.0
41.2,24.2,41.1,21.4,31.0,59.6,35.0,28.7
36.3,19.8,23.5,53.6,28.0,16.2,32.3,16.0
39.4,11.8,24.7,51.5,17.6,6.9,34.0,7.9
20.4,49.0,33.3,6.4,16.2,6.2,36.4,5.2
29.0,29.4,36.3,8.1,19.2,10.7,26.8,30.0
30.9,8.2,45.0,10.0,16.8,5.1,27.7,41.0
35.6,12.9,34.0,40.0,20.8,7.0,31.6,8.0
40.2,12.1,38.6,18.7,24.5,12.5,23.7,18.0
28.6,29.0,45.9,10.1,18.4,9.1,32.7,10.0
40.8,38.0,34.4,8.8,18.3,11.1,20.0,14.6
62.2,38.8,23.7,8.0,9.4,6.0,16.7,5.1
39.4,11.1,24.2,36.7,7.4,27.3,23.7,7.0
29.8,23.3,20.8,59.2,16.3,7.2,19.6,4.2
36.4,12.7,41.2,13.6,24.2,13.0,38.3,8.0
28.9,14.3,26.5,35.7,18.4,13.1,38.6,6.1
32.3,28.8,38.1,6.1,16.8,9.8,44.0,9.8
37.4,6.3,32.7,14.1,20.2,6.0,34.0,30.6
30.9,17.3,22.0,52.5,17.9,9.9,26.8,12.2
31.9,11.0,36.5,20.0,24.8,18.9,35.1,12.4
35.7,26.3,27.6,23.3,19.0,32.0,31.6,10.1
31.0,17.2,45.9,27.5,27.3,9.2,31.3,12.0
32.3,13.0,39.4,10.0,25.3,17.2,52.0,9.2
23.5,6.1,36.4,26.7,18.2,17.5,49.5,13.1
39.6,15.0,40.2,18.0,26.5,13.5,41.8,10.0
32.4,35.4,30.3,31.3,18.6,9.1,29.3,8.2
27.0,8.3,35.5,33.3,16.8,5.1,26.8,27.2
26.0,14.0,13.9,75.2,13.7,5.1,31.4,8.0
40.0,21.4,21.1,28.3,22.0,8.7,36.6,7.2
22.9,18.4,30.5,18.3,19.1,3.1,57.1,6.0
41.4,5.1,32.7,17.2,16.3,5.1,55.3,9.2
30.9,14.0,40.4,9.1,24.5,7.1,45.0,11.9
34.7,11.0,38.6,11.7,25.3,5.1,43.8,16.8
39.8,11.1,40.4,23.0,22.5,7.1,34.7,10.8
34.7,9.4,43.4,19.4,24.3,8.2,40.0,5.1
41.2,15.2,35.3,30.7,19.2,12.4,34.0,7.9
43.0,13.3,47.5,10.0,19.8,4.0,34.0,10.9
31.3,14.1,36.6,6.2,27.2,6.1,47.9,10.2
33.3,21.0,36.2,8.0,20.8,8.1,26.0,28.6
17.3,4.2,28.1,31.6,12.0,6.1,6.9,75.5
36.7,7.9,45.3,7.1,21.6,5.2,39.4,13.3
28.6,8.3,36.0,8.2,18.0,10.8,51.0,20.4
41.2,9.1,46.4,7.0,25.0,6.0,35.4,14.7
34.0,7.1,41.7,7.2,31.1,8.1,36.1,10.4
39.2,12.1,43.6,14.4,27.0,8.0,31.9,13.3
38.8,9.2,43.0,22.8,28.1,15.3,33.0,13.9
46.6,26.5,50.5,31.1,40.0,25.3,49.5,22.8
29.6,27.6,43.8,22.8,23.2,9.0,36.4,12.0
36.4,18.4,36.4,26.0,38.9,20.4,49.5,28.6
53.5,10.0,46.0,12.5,16.7,6.9,30.4,12.2
37.5,7.1,48.5,15.2,25.3,10.2,36.1,8.2
28.1,27.0,45.8,31.6,30.0,18.8,35.4,24.8
33.7,34.0,23.2,35.7,23.7,9.2,40.6,15.2
31.6,16.2,17.9,49.0,21.8,6.1,38.2,7.1
39.8,18.4,50.5,7.0,20.6,4.1,37.9,13.5
24.2,11.1,26.0,31.0,13.3,5.1,17.3,54.0
20.6,8.0,36.9,20.4,18.0,7.1,42.4,35.4
37.1,14.7,33.0,10.1,33.7,9.0,36.8,3.2
8.2,66.0,18.9,15.8,11.2,5.1,40.8,14.1
27.8,27.7,38.4,22.3,23.5,12.1,31.9,20.6
24.7,16.0,38.0,13.9,20.0,12.9,17.6,51.9
28.1,8.1,30.0,5.1,40.8,6.9,34.4,16.5
34.3,4.2,36.0,17.0,29.9,20.4,35.8,13.5
22.8,7.0,23.2,10.1,27.8,7.0,7.9,73.2
28.6,9.8,22.4,22.2,23.8,10.3,17.3,40.4
20.0,11.1,4.1,75.7,26.2,6.0,14.9,18.9
25.0,13.5,31.7,12.4,24.2,8.9,55.0,10.0
24.3,6.0,35.9,9.1,44.7,20.6,38.4,7.8
24.8,6.1,31.3,40.6,31.2,15.3,28.1,9.2
21.4,6.9,15.8,30.3,21.0,6.9,50.5,30.6
23.7,6.9,47.1,10.8,40.2,6.1,42.9,4.0
43.3,8.2,30.7,14.2,40.4,13.6,33.3,12.9
22.4,33.3,27.2,9.1,34.0,13.4,39.8,4.0
15.8,35.4,29.5,13.7,35.4,12.1,31.3,8.9
27.8,16.2,28.0,20.0,53.5,32.0,31.7,18.6
34.0,21.4,38.4,28.0,46.4,33.0,25.5,35.1
43.9,29.0,37.0,22.2,36.1,32.0,31.6,24.0
42.6,17.0,35.3,17.2,25.3,28.0,35.4,29.4
25.5,15.2,30.9,15.9,40.2,20.6,42.9,15.3
37.5,15.3,35.6,30.7,32.3,11.1,35.6,14.0
35.7,35.0,27.0,10.0,20.6,9.1,37.3,12.1
46.0,3.1,45.5,2.0,35.6,11.1,29.4,3.1
27.5,30.9,35.0,10.0,25.7,6.2,35.1,8.1
26.3,6.9,20.8,6.1,58.0,20.4,35.6,5.0
18.0,7.1,39.2,14.7,40.6,13.6,44.9,6.0
18.4,10.6,36.7,18.8,53.1,4.1,34.0,6.0
23.4,17.5,24.2,41.6,24.5,5.1,24.2,11.9
51.5,19.6,29.6,5.1,35.6,10.0,20.4,6.9
28.7,23.8,33.0,10.0,25.0,8.2,39.6,14.3
