2753
2775
2840
2891
2904
2922
2923
2922
2922
2924
2923
2925
2924
2926
2926
2926
2933
2932
2933
2925
3114
3274
3264
3448
3124
3123
3123
3123
3123
3122
3122
3122
3122
3122
3121
3122
3122
3122
3122
3122
3121
3122
3114
3110
3109
3109
3111
3113
3112
3113
3113
3113
3113
3113
3114
3113
3115
3113
3114
3114
3116
3115
3113
3219
3431
3267
3431
3297
3219
3244
3124
3146
3149
3152
3154
3154
3153
3154
3153
3154
3155
3155
3156
3155
3156
3156
3155
3155
3155
3155
3156
3154
3154
3153
3154
3155
3154
3154
3155
3154
3155
3156
3156
3155
3154
3154
3154
3154
3154
3154
3155
3153
3153
3156
3151
3151
3151
3151
3152
3152
3154
3155
3155
3155
3155
3154
3154
3154
2750
2750
2769
2769
2769
2769
2769
2768
2768
2768
2768
2767
2767
2767
2768
2768
2768
2749
2749
2751
2754
2754
2754
2754
2754
2754
2754
2753
2754
2754
