0.0,100.0,0.0,0.0,100.0,100.0,0.0,50.0
29.0,8.0,37.8,10.0,40.8,9.3,36.2,12.9
25.0,5.2,39.6,12.9,27.6,15.7,34.7,11.3
37.9,13.4,30.0,3.0,38.2,8.8,40.4,5.1
50.5,11.1,30.3,9.7,32.7,8.0,30.3,6.0
15.8,21.4,45.5,25.0,27.5,19.1,25.8,5.1
43.4,18.8,12.9,61.6,22.6,8.2,38.8,17.5
72.4,14.1,50.5,20.6,43.7,13.3,33.3,25.7
29.8,16.2,51.0,16.3,24.2,7.8,34.6,18.0
29.3,29.5,41.4,13.3,20.6,5.2,43.4,21.6
35.3,13.4,40.4,30.4,21.6,7.0,39.0,11.7
25.0,20.4,44.4,21.2,18.2,14.1,33.7,12.1
37.0,11.3,30.6,20.0,20.2,20.8,33.0,19.8
21.9,5.2,28.4,15.5,6.2,58.8,19.6,22.7
29.7,11.9,36.0,11.3,20.2,7.1,44.3,21.1
34.0,9.2,25.3,10.9,6.1,71.3,22.7,11.9
37.8,13.9,19.6,48.0,40.4,15.2,28.4,13.5
56.4,10.4,35.4,17.5,35.7,14.1,91.0,3.1
38.0,29.3,43.6,24.5,44.9,29.7,100.0,9.9
42.9,27.8,32.0,46.1,33.7,39.2,100.0,19.0
26.0,22.3,24.5,14.0,54.5,37.0,100.0,1.0
33.7,18.0,61.9,21.8,35.4,14.1,100.0,0.0
17.9,47.4,34.0,15.0,44.6,21.0,100.0,0.0
43.2,15.0,45.9,29.5,22.4,16.2,42.0,60.6
20.2,25.3,28.6,48.4,23.7,32.7,0.0,100.0
26.7,19.4,34.3,14.9,47.5,41.8,0.0,100.0
39.4,22.2,41.1,18.2,35.7,26.8,0.0,100.0
25.0,10.3,17.0,49.1,42.2,39.4,0.0,100.0
27.0,14.7,22.2,33.7,21.4,66.7,0.0,100.0
35.3,20.2,32.0,26.5,54.8,32.3,0.0,100.0
27.3,30.5,28.3,21.6,48.5,15.2,17.8,100.0
26.3,29.9,17.7,26.5,39.0,34.7,5.1,100.0
41.0,22.0,38.6,9.2,38.4,31.2,6.0,100.0
36.9,50.0,36.8,11.0,30.3,21.6,6.0,100.0
35.0,11.3,46.9,27.1,39.6,18.0,65.7,36.4
36.1,19.4,40.6,17.5,37.4,29.7,100.0,0.0
40.8,26.7,37.4,29.7,43.7,12.1,100.0,0.0
30.5,10.6,45.3,22.1,28.3,30.2,100.0,0.0
25.7,14.7,35.0,42.2,37.4,37.9,100.0,0.0
34.0,17.7,32.3,19.8,32.0,38.5,100.0,0.0
37.1,28.9,35.8,30.0,32.7,33.7,86.0,17.0
50.5,20.8,47.0,15.5,39.4,12.4,0.0,100.0
49.0,16.2,44.3,17.7,33.7,13.1,0.0,100.0
41.2,27.0,39.6,32.0,29.0,25.8,0.0,100.0
24.8,50.0,37.9,21.6,35.7,22.9,0.0,100.0
77.7,10.2,39.0,27.0,33.7,28.9,21.6,59.6
100.0,6.1,30.9,46.5,29.2,32.0,30.9,17.3
43.6,24.0,96.0,6.8,32.0,24.7,22.9,47.5
48.5,29.7,100.0,2.0,43.3,20.6,34.7,18.0
37.5,28.3,100.0,6.1,36.4,29.3,41.2,35.0
27.3,12.2,100.0,0.0,40.8,28.0,37.1,39.4
43.9,24.8,100.0,8.0,37.0,25.5,32.0,31.4
32.3,29.0,100.0,2.0,16.7,56.6,32.7,20.2
25.8,19.0,100.0,6.0,20.4,19.6,56.6,38.6
36.4,11.2,100.0,4.0,24.7,48.5,31.6,22.8
17.0,6.4,100.0,0.0,57.3,41.4,34.7,8.2
28.0,15.0,100.0,1.0,52.0,35.1,34.7,13.0
30.8,28.0,100.0,0.0,39.4,37.0,42.3,19.4
26.0,31.2,100.0,0.0,36.4,16.7,38.2,30.7
33.0,22.4,100.0,0.0,42.0,28.3,35.8,32.0
49.1,24.0,100.0,3.0,37.1,13.0,40.4,16.7
44.2,21.9,100.0,0.0,31.7,39.6,21.8,34.7
43.7,13.9,100.0,0.0,29.7,39.2,40.6,19.4
40.4,16.5,100.0,1.0,27.0,15.6,41.7,32.7
46.1,19.4,100.0,0.0,29.0,31.4,46.5,17.2
39.8,42.2,100.0,0.0,41.8,11.1,31.3,13.1
39.2,14.3,100.0,0.0,41.3,10.2,44.4,34.0
29.9,26.3,100.0,0.0,40.0,20.0,17.2,49.5
22.4,44.1,100.0,1.0,40.6,22.5,42.3,21.9
23.3,12.6,100.0,0.0,56.4,50.0,26.2,17.3
27.6,14.1,100.0,4.0,24.5,56.3,35.4,33.3
20.8,21.9,100.0,4.0,26.0,55.6,28.7,29.9
30.9,20.8,100.0,8.9,34.0,28.0,31.4,56.3
24.5,20.2,100.0,4.0,42.0,27.6,25.5,45.6
22.0,30.9,100.0,1.0,13.9,53.9,46.1,19.0
28.4,45.2,96.0,11.0,36.7,9.4,36.0,19.8
35.1,27.6,1.0,100.0,45.2,19.6,29.9,25.0
36.3,30.4,0.0,100.0,29.2,13.4,24.5,42.9
33.0,14.1,3.1,100.0,48.5,24.8,28.6,23.5
46.1,13.0,8.8,100.0,29.7,21.4,46.4,24.5
37.1,28.1,7.9,100.0,49.5,19.2,37.7,14.3
54.5,12.0,8.2,96.0,43.6,14.0,37.2,16.3
34.3,38.5,100.0,0.0,25.3,13.5,32.4,35.4
20.0,21.6,100.0,0.0,36.3,29.0,21.0,60.4
22.9,20.0,100.0,0.0,37.8,40.2,41.4,23.5
35.4,20.4,100.0,0.0,45.5,26.5,25.5,25.5
41.2,20.6,100.0,0.0,42.0,19.6,40.2,22.0
24.5,15.7,100.0,0.0,41.0,21.0,7.1,75.3
35.4,16.8,100.0,0.0,33.0,14.3,39.8,37.4
14.6,47.0,100.0,0.0,28.7,11.3,31.6,44.1
46.4,14.1,100.0,0.0,35.0,16.8,40.4,21.0
51.0,25.3,100.0,0.0,28.0,22.4,20.6,32.7
38.3,36.5,100.0,0.0,9.3,64.3,18.6,14.4
19.4,29.3,100.0,0.0,46.5,48.5,23.5,15.0
36.6,16.0,100.0,0.0,32.3,47.0,30.4,23.7
26.0,23.2,100.0,0.0,10.6,64.4,27.3,27.6
45.2,9.1,100.0,0.0,35.7,24.5,38.9,25.3
36.4,22.2,100.0,0.0,23.2,38.4,32.7,31.1
26.0,18.3,100.0,0.0,14.9,38.4,56.6,28.7
23.5,31.1,100.0,0.0,19.8,47.5,38.1,23.8
18.6,14.4,100.0,0.0,38.8,37.9,45.2,30.5
27.1,19.4,100.0,0.0,40.0,31.0,42.5,17.0
29.4,19.0,100.0,0.0,20.2,25.0,59.6,31.3
56.6,24.2,100.0,0.0,29.6,16.5,29.5,20.8
20.4,27.9,100.0,0.0,40.6,19.4,10.2,63.4
36.1,30.3,100.0,0.0,24.0,45.4,20.0,26.5
33.3,31.0,100.0,0.0,49.5,20.2,32.0,15.0
38.1,16.7,100.0,0.0,43.3,23.0,46.2,15.2
53.1,12.5,100.0,0.0,47.1,17.0,27.1,16.3
30.6,14.3,100.0,0.0,48.0,25.7,28.4,34.0
22.8,33.7,100.0,0.0,35.9,45.4,27.6,17.6
33.0,12.4,100.0,0.0,33.0,25.5,44.0,31.3
43.1,13.0,100.0,0.0,49.5,17.7,38.4,18.4
42.4,13.5,100.0,0.0,40.4,14.3,38.1,32.7
23.2,25.3,100.0,0.0,17.3,60.6,41.0,16.8
27.6,27.1,100.0,0.0,24.5,29.7,17.2,62.3
42.0,16.5,100.0,0.0,48.5,11.3,43.2,22.5
27.8,25.5,100.0,0.0,25.8,19.2,29.1,54.6
19.4,23.5,100.0,0.0,36.0,20.6,41.0,42.4
17.2,28.8,100.0,0.0,31.6,38.5,36.5,33.0
33.0,16.3,100.0,0.0,33.3,36.7,27.0,34.3
29.2,21.4,100.0,0.0,18.6,56.0,35.6,18.9
45.5,11.2,100.0,0.0,34.3,15.5,49.0,24.2
44.8,20.6,100.0,0.0,28.6,25.0,45.5,18.8
39.4,21.4,100.0,0.0,10.2,54.0,35.9,22.7
54.1,18.0,100.0,1.0,41.2,16.2,23.0,30.7
46.6,23.0,100.0,0.0,42.9,15.8,36.3,19.4
37.9,14.1,100.0,0.0,19.4,48.5,43.0,20.4
25.3,15.3,100.0,0.0,38.0,41.6,43.9,11.3
32.3,29.0,100.0,0.0,35.7,41.2,36.3,12.7
41.6,18.9,100.0,0.0,34.0,29.9,35.4,15.5
22.2,39.4,100.0,0.0,35.0,16.7,37.4,43.8
34.0,20.2,100.0,0.0,62.2,10.1,30.9,25.3
33.3,20.6,100.0,1.0,38.0,31.0,29.6,27.7
33.7,16.0,100.0,0.0,38.4,28.1,23.0,46.5
28.3,32.7,100.0,0.0,38.1,11.2,19.0,57.0
33.0,32.6,100.0,0.0,35.1,12.8,20.4,36.1
58.9,21.8,100.0,0.0,29.3,20.6,30.9,11.7
32.7,19.0,100.0,1.0,39.8,32.7,41.6,16.7
32.1,8.3,100.0,0.0,31.6,57.1,25.3,32.0
46.9,33.7,100.0,0.0,44.4,11.0,30.0,17.2
44.7,27.0,100.0,1.0,32.0,10.2,11.0,50.0
32.7,39.6,100.0,0.0,40.8,21.0,34.0,24.0
13.0,72.4,100.0,0.0,19.8,26.0,42.2,18.2
26.3,45.4,100.0,0.0,28.0,16.2,42.4,19.6
43.3,43.0,100.0,0.0,27.0,11.0,30.6,25.3
32.7,16.5,100.0,0.0,45.9,21.2,31.3,27.4
44.1,17.0,100.0,0.0,23.0,46.8,25.8,20.0
36.4,28.7,100.0,0.0,42.7,20.8,40.0,17.3
23.8,49.1,100.0,1.0,28.8,19.2,51.0,23.5
35.8,35.3,100.0,0.0,19.4,23.8,18.4,43.3
16.2,63.6,100.0,1.0,35.9,16.3,39.8,18.6
49.5,13.3,100.0,0.0,48.0,25.3,29.9,12.2
27.0,17.0,100.0,0.0,26.0,14.9,64.9,29.9
36.0,23.8,100.0,0.0,27.9,37.8,25.0,35.6
19.2,11.1,100.0,1.0,42.0,52.0,18.8,40.4
45.3,10.1,100.0,0.0,40.2,33.3,23.5,25.5
30.0,27.3,100.0,0.0,26.9,39.2,29.3,36.0
33.3,13.0,100.0,0.0,41.0,25.8,50.5,16.7
35.4,22.5,100.0,0.0,41.2,27.0,45.1,16.7
27.8,20.0,100.0,0.0,9.7,38.1,42.7,37.1
29.9,26.9,100.0,0.0,42.6,13.1,18.6,58.6
38.4,35.0,100.0,0.0,28.9,11.3,39.0,23.7
33.0,30.8,100.0,1.0,41.0,31.7,37.0,19.0
34.0,26.0,100.0,0.0,50.5,19.2,34.7,18.6
27.2,34.3,100.0,0.0,51.0,13.1,36.2,28.7
23.5,37.3,100.0,0.0,54.0,17.3,32.7,23.0
27.7,47.4,100.0,1.0,40.6,16.5,37.9,10.3
38.3,16.5,100.0,0.0,34.6,10.3,23.7,54.0
39.8,27.0,100.0,0.0,34.4,15.5,28.3,27.8
34.3,16.2,100.0,0.0,38.1,19.0,41.4,26.3
47.4,13.4,100.0,3.0,33.0,16.7,44.2,33.7
34.0,22.9,100.0,7.8,27.4,41.7,25.3,32.7
41.0,34.7,100.0,4.0,26.5,39.2,30.6,20.0
28.3,39.2,100.0,5.9,28.6,20.8,47.1,36.6
28.0,47.4,100.0,8.2,32.0,25.8,29.3,23.2
33.0,40.0,100.0,7.1,40.4,35.6,42.3,32.4
43.4,28.7,100.0,3.0,27.1,14.6,30.3,42.1
28.2,35.5,100.0,2.9,24.2,21.6,27.3,53.8
41.6,32.3,100.0,10.1,37.5,36.7,43.3,27.5
43.2,33.7,100.0,13.7,38.8,35.0,35.1,33.7
42.0,36.0,100.0,24.0,39.0,31.3,38.6,35.7
51.5,46.9,100.0,26.0,29.3,85.7,45.7,41.7
40.8,33.0,100.0,7.0,44.9,50.5,33.3,40.2
49.5,43.4,100.0,10.0,19.4,89.0,38.8,45.0
38.1,28.3,100.0,3.9,33.0,24.2,40.4,25.5
30.7,17.2,100.0,1.0,30.0,35.4,37.6,34.7
29.3,22.4,100.0,8.0,30.4,36.5,32.7,45.8
28.6,36.0,100.0,9.1,33.7,24.5,38.4,27.7
28.9,28.1,100.0,13.7,38.8,40.6,39.4,42.3
37.5,35.6,100.0,13.1,50.5,36.7,43.2,34.3
32.7,38.8,100.0,18.2,50.5,34.4,39.2,26.8
33.7,19.6,100.0,0.0,41.4,25.0,34.7,37.3
37.1,18.8,100.0,2.0,35.1,34.3,39.2,22.2
27.7,36.1,100.0,0.0,48.5,15.0,27.4,21.3
23.5,38.4,100.0,0.0,26.3,36.0,43.4,15.0
33.7,15.2,100.0,1.0,45.6,22.9,42.4,24.3
15.2,29.3,100.0,1.0,16.8,51.0,37.5,30.7
24.0,25.0,99.0,9.6,37.7,13.0,25.8,53.3
35.0,36.0,0.0,100.0,29.3,27.8,28.3,28.0
18.4,51.1,0.0,100.0,34.7,18.0,37.0,17.2
43.8,28.6,0.0,100.0,37.1,19.6,47.2,34.0
42.4,38.5,0.0,100.0,33.7,16.2,38.1,13.7
30.6,31.2,0.0,100.0,34.0,35.4,26.0,25.8
28.4,36.0,29.2,23.2,29.7,18.6,39.8,48.0
15.8,27.8,39.2,29.8,14.6,5.1,23.2,25.3
43.6,22.0,37.9,15.2,24.0,8.0,26.8,20.2
28.1,29.0,30.2,11.2,23.2,7.9,31.4,27.6
24.5,15.8,42.9,38.9,11.6,11.0,24.8,19.8
26.0,19.6,48.0,31.3,21.6,5.1,24.0,20.0
17.2,25.7,31.3,20.0,17.0,12.0,51.5,14.7
30.9,19.6,43.0,19.1,34.7,9.2,32.0,17.2
16.5,6.0,38.8,58.5,18.4,12.1,21.5,7.0
17.3,12.0,10.3,56.9,35.7,17.6,29.5,16.3
30.7,10.9,40.4,4.1,23.5,24.8,40.4,9.0
22.6,3.0,25.5,6.1,37.0,12.2,53.5,16.5
20.6,5.2,20.8,4.1,60.6,17.3,29.7,14.1
14.0,13.1,35.3,7.4,16.3,19.6,39.6,31.2
43.6,6.9,45.3,6.1,22.2,23.8,27.5,14.6
25.8,8.0,33.0,5.1,28.6,21.6,49.0,21.8
34.6,16.0,26.3,15.3,28.3,18.8,33.0,40.2
34.7,23.5,29.9,10.4,31.3,20.6,22.7,42.7
28.7,21.6,27.7,16.5,22.8,26.3,25.7,43.0
43.4,11.0,32.7,18.0,29.6,20.0,28.9,20.4
25.5,25.0,32.0,17.0,30.9,30.5,49.0,19.8
32.7,11.2,41.0,15.2,29.3,20.0,33.7,31.0
37.0,29.4,27.0,9.3,25.8,24.2,35.7,16.7
30.9,24.7,30.3,7.1,36.7,8.0,38.0,7.2
26.3,19.8,53.0,3.1,17.0,8.2,27.8,22.8
45.5,7.1,33.3,5.1,16.5,4.0,45.5,16.0
35.0,14.0,24.0,13.0,42.2,7.0,17.8,33.7
34.7,8.8,31.3,8.9,22.7,20.0,51.0,6.2
42.6,23.5,27.9,5.9,11.0,6.0,52.6,11.2
27.4,6.1,20.2,3.1,20.6,40.6,26.7,20.6
19.0,31.3,28.9,6.0,29.7,21.8,21.2,19.1
21.4,43.4,18.2,7.1,20.2,5.0,19.8,48.0
15.3,8.1,37.6,6.9,44.1,13.6,48.0,8.9
25.5,9.9,27.8,14.1,50.0,7.4,35.0,5.9
48.0,14.6,24.0,6.0,34.0,5.1,33.0,9.0
40.4,4.0,25.3,29.3,30.7,9.2,27.7,6.1
39.0,20.4,20.2,44.0,15.2,4.1,20.0,14.0
