3036
3042
3041
3042
3042
3046
3094
3158
3172
3194
3195
3197
3195
3197
3196
3196
3178
3394
3534
3355
3354
3355
3355
3355
3336
3336
3336
3336
3335
3336
3337
3338
3338
3338
3298
3297
3294
3295
3295
3294
3294
3298
3299
3299
3485
3394
3396
3397
3404
3401
3403
3398
3399
3399
3400
3400
3400
3402
3402
3402
3402
3402
3402
3401
3401
3402
3401
3402
3402
3402
3401
3402
3402
3402
3402
3402
3402
3403
3402
3403
3403
3403
3404
3404
3403
3404
3404
3404
3404
3404
3405
3405
3404
3404
3404
3403
3403
3404
3404
3404
3404
3403
3404
3404
3404
3404
3404
3404
3403
3403
3403
3404
3404
3404
3403
3404
3404
3403
3403
3402
3404
3404
3404
3404
3404
3404
3404
3404
3404
3404
3399
3398
3398
3400
3400
3400
3399
3401
3401
3400
3400
3401
3400
3401
3401
3402
3402
3402
3402
3402
3402
3398
3398
3400
3401
3401
3401
3401
3401
3401
3402
3401
3401
3401
3402
3402
3402
3402
3401
3402
3402
3399
3401
3401
3402
3403
3402
3402
3402
3402
3402
3411
3418
3436
3437
3439
3439
3439
3438
3436
3431
3425
3425
3425
3423
3424
3424
3424
3424
3424
3416
3362
3391
3330
3352
3354
3355
3355
3355
3355
3063
3062
3074
3079
3081
3080
3079
3079
3078
3079
3079
3080
3077
3076
3079
3080
3079
3080
3061
3061
3061
3062
3061
3060
3060
3061
3061
3060
3061
3061
